24	8000																													
|	42	|	|	46	|	|	42	|	|	46	|	|	42	|	|	46	|	|	42	|	|	46	|	|	|	|	|	|	|	|	|
|	|	|	38	|	|	|	|	|	38	|	|	|	|	|	38	|	|	|	|	|	38	|	|	|	|	|	|	|	|	|	|
|	|	|	|	|	|	|	|	|	|	|	|	|	|	|	|	|	|	|	|	|	|	|	|	|	|	|	|	|	|	|	|
35	|	35	|	|	35	35	|	35	|	|	35	35	|	35	|	|	35	35	|	35	|	|	35	|	|	|	|	|	|	|	|
24	8000																													
|	42	|	|	46	|	|	42	|	|	46	|	|	42	|	|	46	|	|	42	|	|	46	|	|	|	|	|	|	|	|	|
|	|	|	38	37	37	|	|	|	38	38	|	|	|	38	37	|	|	38	|	|	37	38	|	|	|	|	|	|	|	|	|
|	|	|	|	|	|	|	|	|	|	|	|	|	|	|	|	|	|	|	|	|	|	|	|	|	|	|	|	|	|	|	|
35	|	35	|	|	35	35	|	35	|	|	35	35	|	|	|	35	|	|	|	35	|	|	35	|	|	|	|	|	|	|	|
24	7000																													
|	42	|	|	46	|	|	42	|	|	46	|	|	42	|	|	46	|	|	42	|	|	46	|	|	|	|	|	|	|	|	|
|	|	|	38	|	|	|	|	|	38	|	|	|	|	|	38	|	|	|	|	|	38	|	|	|	|	|	|	|	|	|	|
|	|	|	|	|	|	|	|	|	|	|	|	|	|	|	|	|	|	|	|	|	|	|	|	|	|	|	|	|	|	|	|
35	|	35	|	|	35	35	|	35	|	|	35	35	|	35	|	|	35	35	|	35	|	|	35	|	|	|	|	|	|	|	|
24	7000																													
|	42	|	|	46	|	|	42	|	|	46	|	|	42	|	|	46	|	|	42	|	|	46	|	|	|	|	|	|	|	|	|
|	|	|	38	37	37	|	|	|	38	38	|	|	|	38	37	|	|	38	|	|	37	38	|	|	|	|	|	|	|	|	|
|	|	|	|	|	|	|	|	|	|	|	|	|	|	|	|	|	|	|	|	|	|	|	|	|	|	|	|	|	|	|	|
35	|	35	|	|	35	35	|	35	|	|	35	35	|	|	|	35	|	|	|	35	|	|	35	|	|	|	|	|	|	|	|
24	6000																													
|	42	|	|	46	|	|	42	|	|	46	|	|	42	|	|	46	|	|	42	|	|	46	|	|	|	|	|	|	|	|	|
|	|	|	38	|	|	|	|	|	38	|	|	|	|	|	38	|	|	|	|	|	38	|	|	|	|	|	|	|	|	|	|
|	|	|	|	|	|	|	|	|	|	|	|	|	|	|	|	|	|	|	|	|	|	|	|	|	|	|	|	|	|	|	|
35	|	35	|	|	35	35	|	35	|	|	35	35	|	35	|	|	35	35	|	35	|	|	35	|	|	|	|	|	|	|	|
24	6000																													
|	42	|	|	46	|	|	42	|	|	46	|	|	42	|	|	46	|	|	42	|	|	46	|	|	|	|	|	|	|	|	|
|	|	|	38	37	37	|	|	|	38	38	|	|	|	38	37	|	|	38	|	|	37	38	|	|	|	|	|	|	|	|	|
|	|	|	|	|	|	|	|	|	|	|	|	|	|	|	|	|	|	|	|	|	|	|	|	|	|	|	|	|	|	|	|
35	|	35	|	|	35	35	|	35	|	|	35	35	|	|	|	35	|	|	|	35	|	|	35	|	|	|	|	|	|	|	|