24	8000																													
|	42	|	|	46	|	|	42	|	|	46	|	|	42	|	|	46	|	|	42	|	|	46	|	|	|	|	|	|	|	|	|
|	|	|	38	|	|	|	|	|	38	|	|	|	|	|	38	|	|	|	|	|	38	|	|	|	|	|	|	|	|	|	|
|	|	|	|	|	|	|	|	|	|	|	|	|	|	|	|	|	|	|	|	|	|	|	|	|	|	|	|	|	|	|	|
35	|	35	|	|	35	35	|	35	|	|	35	35	|	35	|	|	35	35	|	35	|	|	35	|	|	|	|	|	|	|	|
33      |       33      |       33      33      38      |       38	|       38      40      33      |       33      |       33      31      33      |       35      |       36      37      |       |       |       |       |       |       |       |
24	8000																													
|	42	|	|	46	|	|	42	|	|	46	|	|	42	|	|	46	|	|	42	|	|	46	|	|	|	|	|	|	|	|	|
|	|	|	38	37	37	|	|	|	38	38	|	|	|	38	37	|	|	38	|	|	37	38	|	|	|	|	|	|	|	|	|
|	|	|	|	|	|	|	|	|	|	|	|	|	|	|	|	|	|	|	|	|	|	|	|	|	|	|	|	|	|	|	|
35	|	35	|	|	35	35	|	35	|	|	35	35	|	|	|	35	|	|	|	35	|	|	35	|	|	|	|	|	|	|	|
38      |       38      |       38      36      38      |       38	|       38      40      33      |       33      |       33      31      33      |       28      |       31      |       |       |       |       |       |       |       |       |