6	750																													
|	|	|	|	|	|	|	|	|	|	|	|	|	|	|	|	|	|	|	|	|	|	|	|	|	|	|	|	|	|	|	|
|	38	|	38	|	38	|	|	|	|	|	|	|	|	|	|	|	|	|	|	|	|	|	|	|	|	|	|	|	|	|	|
|	|	|	|	|	|	|	|	|	|	|	|	|	|	|	|	|	|	|	|	|	|	|	|	|	|	|	|	|	|	|	|
35	|	35	|	35	|	|	|	|	|	|	|	|	|	|	|	|	|	|	|	|	|	|	|	|	|	|	|	|	|	|	|
16	1000																														
|	|	41	|	41	41	41	|	41	41	41	|	41	|	41	|	|	|	|	|	|	|	|	|	|	|	|	|	|	|	|	|
|	|	|	|	|	|	|	|	|	|	|	|	|	|	|	|	|	|	|	|	|	|	|	|	|	|	|	|	|	|	|	|
|	|	|	|	|	|	|	|	|	|	|	|	|	|	|	|	|	|	|	|	|	|	|	|	|	|	|	|	|	|	|	|
35	|	|	|	35	|	|	|	35	|	|	|	35	|	|	|	|	|	|	|	|	|	|	|	|	|	|	|	|	|	|	|
6	750																														
|	|	|	|	|	|	|	|	|	|	|	|	|	|	|	|	|	|	|	|	|	|	|	|	|	|	|	|	|	|	|	|
|	38	|	38	|	38	|	|	|	|	|	|	|	|	|	|	|	|	|	|	|	|	|	|	|	|	|	|	|	|	|	|
|	|	|	|	|	|	|	|	|	|	|	|	|	|	|	|	|	|	|	|	|	|	|	|	|	|	|	|	|	|	|	|
35	|	35	|	35	|	|	|	|	|	|	|	|	|	|	|	|	|	|	|	|	|	|	|	|	|	|	|	|	|	|	|
16	1000																														
|	|	41	|	41	41	41	|	41	41	41	|	41	|	41	|	|	|	|	|	|	|	|	|	|	|	|	|	|	|	|	|
|	|	|	|	|	|	|	|	|	|	|	|	|	|	|	|	|	|	|	|	|	|	|	|	|	|	|	|	|	|	|	|
|	|	|	|	|	|	|	|	|	|	|	|	|	|	|	|	|	|	|	|	|	|	|	|	|	|	|	|	|	|	|	|
35	|	|	|	35	|	|	|	35	|	|	|	35	|	|	|	|	|	|	|	|	|	|	|	|	|	|	|	|	|	|	|
6	750																														
|	|	|	|	|	|	|	|	|	|	|	|	|	|	|	|	|	|	|	|	|	|	|	|	|	|	|	|	|	|	|	|
|	38	|	38	|	38	|	|	|	|	|	|	|	|	|	|	|	|	|	|	|	|	|	|	|	|	|	|	|	|	|	|
|	|	|	|	|	|	|	|	|	|	|	|	|	|	|	|	|	|	|	|	|	|	|	|	|	|	|	|	|	|	|	|
35	|	35	|	35	|	|	|	|	|	|	|	|	|	|	|	|	|	|	|	|	|	|	|	|	|	|	|	|	|	|	|
16	1000																														
|	|	41	|	41	41	41	|	41	41	41	|	41	|	41	|	|	|	|	|	|	|	|	|	|	|	|	|	|	|	|	|
|	|	|	|	|	|	|	|	|	|	|	|	|	|	|	|	|	|	|	|	|	|	|	|	|	|	|	|	|	|	|	|
|	|	|	|	|	|	|	|	|	|	|	|	|	|	|	|	|	|	|	|	|	|	|	|	|	|	|	|	|	|	|	|
35	|	|	|	35	|	|	|	35	|	|	|	35	|	|	|	|	|	|	|	|	|	|	|	|	|	|	|	|	|	|	|
6	750																														
|	|	|	|	|	|	|	|	|	|	|	|	|	|	|	|	|	|	|	|	|	|	|	|	|	|	|	|	|	|	|	|
|	38	|	38	|	38	|	|	|	|	|	|	|	|	|	|	|	|	|	|	|	|	|	|	|	|	|	|	|	|	|	|
|	|	|	|	|	|	|	|	|	|	|	|	|	|	|	|	|	|	|	|	|	|	|	|	|	|	|	|	|	|	|	|
35	|	35	|	35	|	|	|	|	|	|	|	|	|	|	|	|	|	|	|	|	|	|	|	|	|	|	|	|	|	|	|
16	1000																														
|	|	41	|	41	41	41	|	41	41	41	|	41	|	41	|	|	|	|	|	|	|	|	|	|	|	|	|	|	|	|	|
|	|	|	|	|	|	|	|	|	|	|	|	|	|	|	|	|	|	|	|	|	|	|	|	|	|	|	|	|	|	|	|
|	|	|	|	|	|	|	|	|	|	|	|	|	|	|	|	|	|	|	|	|	|	|	|	|	|	|	|	|	|	|	|
35	|	|	|	35	|	|	|	35	|	|	|	35	|	|	|	|	|	|	|	|	|	|	|	|	|	|	|	|	|	|	|